A = [2 0 1 5 7]
B = [1 0 1 5 7 1 -8 7 -2 3;
     1 2 1 3 5 7 -6 -7 5 9;
     1 1 0 9 3 4 3 7 -4 8;
     -3 5 -7 1 3 -9 8 6 -4 2;
     3 -5 7 8 -9 1 -1 -7 8 9]
 C = A * B