A = [2 0 1;
     3 0 0]
B = [1 0 1 5 7 1;
     1 2 1 3 5 7;
     1 1 0 9 3 4]
 C = A * B