A = [2 0 1;
     3 0 0;
     5 1 1];
B = [1 0 1;
     1 2 1;
     1 1 0];
 C = A * B